0
-0.000144000000000000
-0.000144000000000000
-0.00227200000000000
-0.00226600000000000
0.000679000000000000
0.000677000000000000
-0.00302000000000000
-0.00299600000000000
-0.000301000000000000
-0.000284000000000000
-0.00439200000000000
-0.00437200000000000
-0.000826000000000000
-0.000815000000000000
-0.00390700000000000
-0.00388800000000000
-0.00104800000000000
-0.00103600000000000
-0.00327800000000000
-0.00326000000000000
-0.000534000000000000
-0.000523000000000000
-0.00377400000000000
-0.00375500000000000
-0.000925000000000000
-0.000913000000000000
-0.00319700000000000
-0.00317900000000000
-0.000457000000000000
-0.000446000000000000
-0.00385100000000000
-0.00383200000000000
-0.000594000000000000
-0.000583000000000000
-0.00281000000000000
-0.00279300000000000
-0.000197000000000000
-0.000187000000000000
-0.00336600000000000
-0.00334800000000000
-0.000830000000000000
-0.000818000000000000
-0.00360800000000000
-0.00359000000000000
-0.000302000000000000
-0.000292000000000000
-0.00265900000000000
-0.00264300000000000
2.10000000000000e-05
3.10000000000000e-05
-0.00352000000000000
-0.00350200000000000
-8.80000000000000e-05
-7.80000000000000e-05
-0.00378400000000000
-0.00376500000000000
-0.000700000000000000
-0.000688000000000000
-0.00380500000000000
-0.00378600000000000
-0.000889000000000000
-0.000878000000000000
-0.00371400000000000
-0.00369500000000000
-0.000957000000000000
-0.000945000000000000
-0.00333700000000000
-0.00331900000000000
-0.000577000000000000
-0.000566000000000000
-0.00375900000000000
-0.00374100000000000
-5.30000000000000e-05
-4.30000000000000e-05
-0.00244100000000000
-0.00242500000000000
3.50000000000000e-05
4.50000000000000e-05
-0.00381600000000000
-0.00379700000000000
-0.000425000000000000
-0.000415000000000000
-0.00391100000000000
-0.00389100000000000
-0.000896000000000000
-0.000885000000000000
-0.00389000000000000
-0.00387000000000000
-0.000679000000000000
-0.000667000000000000
-0.00328100000000000
-0.00326300000000000
-0.000928000000000000
-0.000917000000000000
-0.00348200000000000
-0.00346400000000000
-0.00121700000000000
-0.00120400000000000
-0.00399500000000000
-0.00397600000000000
-0.00110800000000000
-0.00109500000000000
-0.00365000000000000
-0.00363200000000000
-0.000345000000000000
-0.000334000000000000
-0.00268000000000000
-0.00266400000000000
0.000137000000000000
0.000146000000000000
-0.00304900000000000
-0.00303200000000000
-0.000693000000000000
-0.000681000000000000
-0.00396700000000000
-0.00394800000000000
0.000180000000000000
0.000189000000000000
-0.00390400000000000
-0.00388400000000000
-0.000672000000000000
-0.000660000000000000
-0.00493700000000000
-0.00492900000000000
-0.00149400000000000
-0.00149500000000000
-0.00379500000000000
-0.00378900000000000
-0.00100200000000000
-0.00100400000000000
-0.00452300000000000
-0.00451500000000000