0
3.60000000000000e-05
3.50000000000000e-05
0.000560000000000000
0.000560000000000000
-0.000167000000000000
-0.000167000000000000
0.000793000000000000
0.000791000000000000
0.000123000000000000
0.000121000000000000
0.00139900000000000
0.00140500000000000
0.000520000000000000
0.000527000000000000
0.00127900000000000
0.00128600000000000
0.000574000000000000
0.000581000000000000
0.00112400000000000
0.00113100000000000
0.000448000000000000
0.000455000000000000
0.00124600000000000
0.00125300000000000
0.000544000000000000
0.000551000000000000
0.00110400000000000
0.00111100000000000
0.000429000000000000
0.000436000000000000
0.00126500000000000
0.00127200000000000
0.000462000000000000
0.000470000000000000
0.00100900000000000
0.00101500000000000
0.000364000000000000
0.000372000000000000
0.00114600000000000
0.00115200000000000
0.000520000000000000
0.000528000000000000
0.00120500000000000
0.00121200000000000
0.000390000000000000
0.000398000000000000
0.000971000000000000
0.000978000000000000
0.000311000000000000
0.000318000000000000
0.00118400000000000
0.00119000000000000
0.000337000000000000
0.000345000000000000
0.00124900000000000
0.00125500000000000
0.000488000000000000
0.000496000000000000
0.00125400000000000
0.00126100000000000
0.000535000000000000
0.000542000000000000
0.00123100000000000
0.00123800000000000
0.000552000000000000
0.000559000000000000
0.00113900000000000
0.00114500000000000
0.000458000000000000
0.000465000000000000
0.00124300000000000
0.00124900000000000
0.000329000000000000
0.000336000000000000
0.000918000000000000
0.000924000000000000
0.000307000000000000
0.000314000000000000
0.00125700000000000
0.00126300000000000
0.000421000000000000
0.000428000000000000
0.00128000000000000
0.00128700000000000
0.000537000000000000
0.000544000000000000
0.00127500000000000
0.00128100000000000
0.000483000000000000
0.000490000000000000
0.00112500000000000
0.00113200000000000
0.000545000000000000
0.000552000000000000
0.00117400000000000
0.00118100000000000
0.000616000000000000
0.000623000000000000
0.00130100000000000
0.00130700000000000
0.000589000000000000
0.000596000000000000
0.00121600000000000
0.00122300000000000
0.000401000000000000
0.000408000000000000
0.000977000000000000
0.000983000000000000
0.000282000000000000
0.000289000000000000
0.00106800000000000
0.00107400000000000
0.000487000000000000
0.000494000000000000
0.00129400000000000
0.00130100000000000
0.000272000000000000
0.000279000000000000
0.00127800000000000
0.00128500000000000
0.000481000000000000
0.000489000000000000
0.00166500000000000
0.00167700000000000
0.000816000000000000
0.000829000000000000
0.00138300000000000
0.00139600000000000
0.000695000000000000
0.000708000000000000
0.00156200000000000
0.00157500000000000