0
-3.40000000000000e-05
-7.40000000000000e-05
-0.000528000000000000
-0.00116500000000000
0.000158000000000000
0.000348000000000000
-0.000600000000000000
-0.00160200000000000
3.30000000000000e-05
-0.000208000000000000
-0.000680000000000000
-0.00229600000000000
0.000149000000000000
-0.000467000000000000
-0.000567000000000000
-0.00204700000000000
9.80000000000000e-05
-0.000581000000000000
-0.000421000000000000
-0.00172400000000000
0.000217000000000000
-0.000318000000000000
-0.000536000000000000
-0.00197900000000000
0.000127000000000000
-0.000518000000000000
-0.000402000000000000
-0.00168300000000000
0.000235000000000000
-0.000278000000000000
-0.000554000000000000
-0.00201800000000000
0.000203000000000000
-0.000349000000000000
-0.000312000000000000
-0.00148500000000000
0.000296000000000000
-0.000145000000000000
-0.000441000000000000
-0.00177000000000000
0.000149000000000000
-0.000469000000000000
-0.000498000000000000
-0.00189400000000000
0.000271000000000000
-0.000199000000000000
-0.000277000000000000
-0.00140700000000000
0.000347000000000000
-3.30000000000000e-05
-0.000477000000000000
-0.00184900000000000
0.000321000000000000
-8.90000000000000e-05
-0.000538000000000000
-0.00198400000000000
0.000179000000000000
-0.000403000000000000
-0.000543000000000000
-0.00199500000000000
0.000135000000000000
-0.000500000000000000
-0.000522000000000000
-0.00194800000000000
0.000119000000000000
-0.000534000000000000
-0.000435000000000000
-0.00175500000000000
0.000207000000000000
-0.000339000000000000
-0.000533000000000000
-0.00197200000000000
0.000329000000000000
-7.10000000000000e-05
-0.000226000000000000
-0.00129500000000000
0.000350000000000000
-2.60000000000000e-05
-0.000546000000000000
-0.00200000000000000
0.000243000000000000
-0.000262000000000000
-0.000568000000000000
-0.00204900000000000
0.000133000000000000
-0.000503000000000000
-0.000563000000000000
-0.00203800000000000
0.000184000000000000
-0.000392000000000000
-0.000421000000000000
-0.00172600000000000
0.000126000000000000
-0.000520000000000000
-0.000468000000000000
-0.00182900000000000
5.90000000000000e-05
-0.000668000000000000
-0.000588000000000000
-0.00209200000000000
8.40000000000000e-05
-0.000612000000000000
-0.000507000000000000
-0.00191600000000000
0.000261000000000000
-0.000220000000000000
-0.000282000000000000
-0.00141800000000000
0.000374000000000000
2.70000000000000e-05
-0.000368000000000000
-0.00160700000000000
0.000181000000000000
-0.000399000000000000
-0.000581000000000000
-0.00207800000000000
0.000383000000000000
4.80000000000000e-05
-0.000566000000000000
-0.00204600000000000
0.000185000000000000
-0.000388000000000000
-0.000714000000000000
-0.00254600000000000
8.70000000000000e-05
-0.000781000000000000
-0.000448000000000000
-0.00196000000000000
0.000201000000000000
-0.000528000000000000
-0.000617000000000000
-0.00233300000000000