-1.0000
-0.0410
-0.3323
-0.0571
-0.3423
-0.0831
-0.3233
-0.0941
-0.3554
-0.0991
-0.3193
-0.0741
-0.2993
-0.0871
-0.5365
-0.2503
-0.5616
-0.3564
-0.5756
-0.3183
-0.5936
-0.2533
-0.6406
-0.3774
-0.6466
-0.2533
-0.5415
-0.2783
-0.5736
-0.1261
-0.5536
0.1281
-0.2172
0.0400
-0.1682
0.0420
-0.2683
0.1151
-0.2322
0.1371
-0.1672
0.1211
-0.1341
0.1522
-0.0581
0.1932
-0.1011
0.1341
-0.2202
0.1141
-0.3323
0.1161
-0.3113
-0.0120
-0.3864
-0.0270
-0.2412
0.0160
-0.3854
0.0100
-0.3063
-0.0951
-0.2993
-0.0210
-0.3383
-0.0881
-0.3964
-0.0120
-0.3143
-0.0941
-0.4264
-0.0801
-0.3193
-0.0090
-0.3193
-0.0971
-0.3323
-0.1231
-0.3423
-0.1071
-0.3333
0.0811
-0.3103
0.0170
-0.3043
-0.0450
-0.3263
-0.2723
-0.0480
-0.3433
-0.0511
-0.7738
-0.0601
-0.2883
-0.3213
-0.1071
-0.3093
-0.0350
-0.3123
-0.0931
-0.9439
-0.0741
-0.3754
-0.0771
-0.5355
-0.2913
-0.5465
-0.2583
-0.5295
-0.2543
-0.5365
-0.1952
-0.5395
-0.2883
-0.5245
-0.2773
-0.5175
-0.2723
-0.5295
-0.1391
-0.5345
0.0701
-0.2182
0.0440
-0.2573
0.0701
-0.1542
0.0711
-0.3113
0.0400
-0.3003
0.0480
-0.3493
0.0290
-0.3123
-0.0561
-0.4895
-0.0861
-0.3734
-0.0731
-0.3113
-0.1101
-0.3884
-0.0791
-0.3273
-0.0180
-0.2963
-0.0761
-0.3433
-0.0821
-0.4324
-0.1121
-0.3554
-0.0891
-0.2633
0.0120
-0.3123
-0.0140
-0.2733
-0.0511
-0.3323
-0.1281
-0.3594
-0.0801
-0.8058
-0.0501
-0.3493
-0.3043
-0.0821
-0.2983
-0.0541
-0.2783
-0.0631
-0.2653
-0.0450
-0.3654
-0.0581
-0.2713
-0.0551
-0.3894
-0.1071
-0.4154
-0.1261
-0.4354
-0.2152
-0.5235
-0.2833
-0.4985
-0.2963
-0.5866
-0.3514
-0.5866
-0.2663
-0.5926
-0.3634
-0.5726
-0.3253
-0.5445
-0.2753
-0.6236
-0.3443
-0.6266
-0.2503
-0.5766
-0.1341
-0.5215
0.0911
-0.2252
-0.2683
0.0791
-0.1231
0.1231
-0.1852
0.1421
-0.2713
0.0150
-0.2112
0.1542
-0.1542
0.1071
-0.2683
0.0821
-0.3554
-0.0220
-0.2573
-0.0180
-0.4444
0.0360
-0.3173
-0.1001
-0.3163
-0.0170
-0.3504
-0.0771
-0.3624
-0.0541
-0.4084
-0.0631
-0.3594
-0.0180
-0.3123
-0.0931
-0.3453
-0.1171
-0.4675
-0.1251
-0.3313
0.0891
-0.2853
-0.2983
-0.0731
-0.3323
-0.0370
-0.2533
-0.0220
-0.3784
-0.1331
-0.3644
-0.0691