-0.262381254813994
-0.262381254813994
-0.217815493966461
-0.217815493966461
-0.210396875802332
-0.210396875802332
-0.230193370539032
-0.230193370539032
-0.245044119832980
-0.245044119832980
-0.222774752374904
-0.222774752374904
-0.133663500128373
-0.133663500128373
-0.0371282245314379
-0.0371282245314379
0.0321784251989784
0.0321784251989784
0.0693066497304163
0.0693066497304163
0.0965339243003662
0.0965339243003662
0.148521005905166
0.148521005905166
0.188113995378566
0.188113995378566
0.252476250962799
0.252476250962799
0.363863627150251
0.363863627150251
0.487628879910274
0.487628879910274
0.569301244544140
0.569301244544140
0.574260502952583
0.574260502952583
0.601489128819102
0.601489128819102
0.717822250449306
0.717822250449306
0.834155372079510
0.834155372079510
0.903463373106496
0.903463373106496
0.883666878369796
0.883666878369796
0.839114630487953
0.839114630487953
0.886139751091172
0.886139751091172
0.913368376957691
0.913368376957691
0.881194005648420
0.881194005648420
0.819304622785563
0.819304622785563
0.638609245571126
0.638609245571126
0.391092253016770
0.391092253016770
0.158412496790671
0.158412496790671
-0.0990094996148805
-0.0990094996148805
-0.311879248138589
-0.311879248138589
-0.467818872207883
-0.467818872207883
-0.603962001540478
-0.603962001540478
-0.633663500128373
-0.633663500128373
-0.524748996662298
-0.524748996662298
-0.393565125738146
-0.393565125738146
-0.349012877856303
-0.349012877856303
-0.413361620474846
-0.413361620474846
-0.490101752631650
-0.490101752631650
-0.529708255070740
-0.529708255070740
-0.472778130616326
-0.472778130616326
-0.304460629974461
-0.304460629974461
-0.141088874775347
-0.141088874775347
-0.0495047498074402
-0.0495047498074402
-0.0717822250449306
-0.0717822250449306
-0.136143129332595
-0.136143129332595
-0.158412496790671
-0.158412496790671
-0.0965339243003662
-0.0965339243003662
0.0123762550166885
0.0123762550166885
0.0594056997689283
0.0594056997689283
0.00990094996148805
0.00990094996148805
-0.0693066497304163
-0.0693066497304163
-0.185641122657190
-0.185641122657190
-0.264854127535370
-0.264854127535370
-0.245044119832980
-0.245044119832980
-0.202964744672513
-0.202964744672513
-0.170790373363242
-0.170790373363242
-0.185641122657190
-0.185641122657190
-0.207924003080956
-0.207924003080956
-0.190600381065632
-0.190600381065632
-0.153466751347918
-0.153466751347918
-0.143561747496723
-0.143561747496723
-0.173263246084618
-0.173263246084618
-0.193073253787009
-0.193073253787009
-0.195546126508385
-0.195546126508385
-0.250003378241423
-0.250003378241423
-0.284650622272070
-0.284650622272070
-0.245044119832980
-0.245044119832980
-0.160885369512047
-0.160885369512047
-0.0594056997689283
-0.0594056997689283
0.00742578003594449
0.00742578003594449
0.00990094996148805
0.00990094996148805
-0.00247530505520047
-0.00247530505520047
-0.0148521005905166
-0.0148521005905166
-0.0321784251989784
-0.0321784251989784
-0.0198018999229761
-0.0198018999229761
0.0915841249679067
0.0915841249679067
0.237625501668851
0.237625501668851
0.311879248138589
0.311879248138589
0.331689255840979
0.331689255840979
0.309406375417213
0.309406375417213
0.361390754428874
0.361390754428874
0.556936880937259
0.556936880937259
0.777225247625096
0.777225247625096
0.935637744415767
0.935637744415767
1
1
0.945542748266962
0.945542748266962
0.844060375930706
0.844060375930706
0.757428752888396
0.757428752888396
0.749996621758577
0.749996621758577
0.767320243773901
0.767320243773901
0.715349377727930
0.715349377727930
0.611380619704607
0.611380619704607
0.366336499871627
0.366336499871627
-0.00247530505520047
-0.00247530505520047
-0.242571247111604
-0.242571247111604
-0.339107874005108
-0.339107874005108
-0.435644500898612
-0.435644500898612
-0.502479629204221
-0.502479629204221
-0.539599745956245
-0.539599745956245
-0.591584124967907
-0.591584124967907
-0.591584124967907
-0.591584124967907
-0.527221869383674
-0.527221869383674
-0.445549504749808
-0.445549504749808
-0.420793751604665
-0.420793751604665
-0.470291744929260
-0.470291744929260
-0.559409753658635
-0.559409753658635
-0.611380619704607
-0.611380619704607
-0.492574625353026
-0.492574625353026
-0.287123494993446
-0.287123494993446
-0.225247625096280
-0.225247625096280
-0.299501371566018
-0.299501371566018
-0.363863627150251
-0.363863627150251
-0.361390754428874
-0.361390754428874
-0.294555626123265
-0.294555626123265
-0.173263246084618
-0.173263246084618
-0.0866329743388782
-0.0866329743388782
-0.188113995378566
-0.188113995378566
-0.386132994608327
-0.386132994608327
-0.497520370795779
-0.497520370795779
-0.482669621501831
-0.482669621501831
-0.358904368741808
-0.358904368741808
-0.257421996405551
-0.257421996405551
-0.257421996405551
-0.257421996405551
-0.289609880680513
-0.289609880680513
-0.289609880680513
-0.289609880680513
-0.267327000256746
-0.267327000256746
-0.242571247111604
-0.242571247111604
-0.193073253787009
-0.193073253787009
-0.126238125481399
-0.126238125481399
-0.106436225558423
-0.106436225558423
-0.0742578003594449
-0.0742578003594449
0
0
0.0866329743388782
0.0866329743388782
0.146034620218099
0.146034620218099
0.170790373363242
0.170790373363242
0.190600381065632
0.190600381065632
0.217815493966461
0.217815493966461
0.254949123684175
0.254949123684175
0.339107874005108
0.339107874005108
0.413361620474846
0.413361620474846
0.477723876059079
0.477723876059079
0.495047498074402
0.495047498074402
0.502479629204221
0.502479629204221
0.591584124967907
0.591584124967907
0.737618745186006
0.737618745186006
0.851478994094834
0.851478994094834
0.915841249679067
0.915841249679067
0.893558369255300
0.893558369255300
0.841587503209329
0.841587503209329
0.787130251476292
0.787130251476292
0.712876505006554
0.712876505006554
0.675742875288840
0.675742875288840
0.603962001540478
0.603962001540478
0.487628879910274
0.487628879910274
0.368809372593003
0.368809372593003
0.158412496790671
0.158412496790671
-0.0891085496533924
-0.0891085496533924
-0.217815493966461
-0.217815493966461
-0.306933502695837
-0.306933502695837
-0.420793751604665
-0.420793751604665
-0.497520370795779
-0.497520370795779
-0.485142494223207
-0.485142494223207
-0.386132994608327
-0.386132994608327
-0.341580746726484
-0.341580746726484
-0.386132994608327
-0.386132994608327
-0.428212369768793
-0.428212369768793
-0.435644500898612
-0.435644500898612
-0.403470129589341
-0.403470129589341
-0.351485750577679
-0.351485750577679
-0.240098374390227
-0.240098374390227
-0.0495047498074402
-0.0495047498074402
0.0445549504749807
0.0445549504749807
-0.0594056997689283
-0.0594056997689283
-0.222774752374904
-0.222774752374904
-0.294555626123265
-0.294555626123265
-0.240098374390227
-0.240098374390227
-0.0866329743388782
-0.0866329743388782
0.0594056997689283
0.0594056997689283
0.0346540005134927
0.0346540005134927
-0.183168249935813
-0.183168249935813
-0.400983743902274
-0.400983743902274
-0.487628879910274
-0.487628879910274
-0.403470129589341
-0.403470129589341
-0.210396875802332
0.0172290312554896